12, 9
37, 9
63, 9
88, 9
114, 9
140, 9
165, 9
191, 9
216, 9
242, 9
268, 9
293, 9
319, 9
344, 9
370, 9
396, 9
421, 9
447, 9
472, 9
498, 9
524, 9
549, 9
575, 9
600, 9
626, 9
652, 9
677, 9
703, 9
728, 9
754, 9
780, 9
805, 9
831, 9
856, 9
882, 9
908, 9
933, 9
959, 9
984, 9
1010, 9
12, 28
37, 28
63, 28
88, 28
114, 28
140, 28
165, 28
191, 28
216, 28
242, 28
268, 28
293, 28
319, 28
344, 28
370, 28
396, 28
421, 28
447, 28
472, 28
498, 28
524, 28
549, 28
575, 28
600, 28
626, 28
652, 28
677, 28
703, 28
728, 28
754, 28
780, 28
805, 28
831, 28
856, 28
882, 28
908, 28
933, 28
959, 28
984, 28
1010, 28
12, 47
37, 47
63, 47
88, 47
114, 47
140, 47
165, 47
191, 47
216, 47
242, 47
268, 47
293, 47
319, 47
344, 47
370, 47
396, 47
421, 47
447, 47
472, 47
498, 47
524, 47
549, 47
575, 47
600, 47
626, 47
652, 47
677, 47
703, 47
728, 47
754, 47
780, 47
805, 47
831, 47
856, 47
882, 47
908, 47
933, 47
959, 47
984, 47
1010, 47
12, 66
37, 66
63, 66
88, 66
114, 66
140, 66
165, 66
191, 66
216, 66
242, 66
268, 66
293, 66
319, 66
344, 66
370, 66
396, 66
421, 66
447, 66
472, 66
498, 66
524, 66
549, 66
575, 66
600, 66
626, 66
652, 66
677, 66
703, 66
728, 66
754, 66
780, 66
805, 66
831, 66
856, 66
882, 66
908, 66
933, 66
959, 66
984, 66
1010, 66
12, 85
37, 85
63, 85
88, 85
114, 85
140, 85
165, 85
191, 85
216, 85
242, 85
268, 85
293, 85
319, 85
344, 85
370, 85
396, 85
421, 85
447, 85
472, 85
498, 85
524, 85
549, 85
575, 85
600, 85
626, 85
652, 85
677, 85
703, 85
728, 85
754, 85
780, 85
805, 85
831, 85
856, 85
882, 85
908, 85
933, 85
959, 85
984, 85
1010, 85
12, 105
37, 105
63, 105
88, 105
114, 105
140, 105
165, 105
191, 105
216, 105
242, 105
268, 105
293, 105
319, 105
344, 105
370, 105
396, 105
421, 105
447, 105
472, 105
498, 105
524, 105
549, 105
575, 105
600, 105
626, 105
652, 105
677, 105
703, 105
728, 105
754, 105
780, 105
805, 105
831, 105
856, 105
882, 105
908, 105
933, 105
959, 105
984, 105
1010, 105
12, 124
37, 124
63, 124
88, 124
114, 124
140, 124
165, 124
191, 124
216, 124
242, 124
268, 124
293, 124
319, 124
344, 124
370, 124
396, 124
421, 124
447, 124
472, 124
498, 124
524, 124
549, 124
575, 124
600, 124
626, 124
652, 124
677, 124
703, 124
728, 124
754, 124
780, 124
805, 124
831, 124
856, 124
882, 124
908, 124
933, 124
959, 124
984, 124
1010, 124
12, 143
37, 143
63, 143
88, 143
114, 143
140, 143
165, 143
191, 143
216, 143
242, 143
268, 143
293, 143
319, 143
344, 143
370, 143
396, 143
421, 143
447, 143
472, 143
498, 143
524, 143
549, 143
575, 143
600, 143
626, 143
652, 143
677, 143
703, 143
728, 143
754, 143
780, 143
805, 143
831, 143
856, 143
882, 143
908, 143
933, 143
959, 143
984, 143
1010, 143
12, 162
37, 162
63, 162
88, 162
114, 162
140, 162
165, 162
191, 162
216, 162
242, 162
268, 162
293, 162
319, 162
344, 162
370, 162
396, 162
421, 162
447, 162
472, 162
498, 162
524, 162
549, 162
575, 162
600, 162
626, 162
652, 162
677, 162
703, 162
728, 162
754, 162
780, 162
805, 162
831, 162
856, 162
882, 162
908, 162
933, 162
959, 162
984, 162
1010, 162
12, 181
37, 181
63, 181
88, 181
114, 181
140, 181
165, 181
191, 181
216, 181
242, 181
268, 181
293, 181
319, 181
344, 181
370, 181
396, 181
421, 181
447, 181
472, 181
498, 181
524, 181
549, 181
575, 181
600, 181
626, 181
652, 181
677, 181
703, 181
728, 181
754, 181
780, 181
805, 181
831, 181
856, 181
882, 181
908, 181
933, 181
959, 181
984, 181
1010, 181
12, 201
37, 201
63, 201
88, 201
114, 201
140, 201
165, 201
191, 201
216, 201
242, 201
268, 201
293, 201
319, 201
344, 201
370, 201
396, 201
421, 201
447, 201
472, 201
498, 201
524, 201
549, 201
575, 201
600, 201
626, 201
652, 201
677, 201
703, 201
728, 201
754, 201
780, 201
805, 201
831, 201
856, 201
882, 201
908, 201
933, 201
959, 201
984, 201
1010, 201
12, 220
37, 220
63, 220
88, 220
114, 220
140, 220
165, 220
191, 220
216, 220
242, 220
268, 220
293, 220
319, 220
344, 220
370, 220
396, 220
421, 220
447, 220
472, 220
498, 220
524, 220
549, 220
575, 220
600, 220
626, 220
652, 220
677, 220
703, 220
728, 220
754, 220
780, 220
805, 220
831, 220
856, 220
882, 220
908, 220
933, 220
959, 220
984, 220
1010, 220
12, 239
37, 239
63, 239
88, 239
114, 239
140, 239
165, 239
191, 239
216, 239
242, 239
268, 239
293, 239
319, 239
344, 239
370, 239
396, 239
421, 239
447, 239
472, 239
498, 239
524, 239
549, 239
575, 239
600, 239
626, 239
652, 239
677, 239
703, 239
728, 239
754, 239
780, 239
805, 239
831, 239
856, 239
882, 239
908, 239
933, 239
959, 239
984, 239
1010, 239
12, 258
37, 258
63, 258
88, 258
114, 258
140, 258
165, 258
191, 258
216, 258
242, 258
268, 258
293, 258
319, 258
344, 258
370, 258
396, 258
421, 258
447, 258
472, 258
498, 258
524, 258
549, 258
575, 258
600, 258
626, 258
652, 258
677, 258
703, 258
728, 258
754, 258
780, 258
805, 258
831, 258
856, 258
882, 258
908, 258
933, 258
959, 258
984, 258
1010, 258
12, 277
37, 277
63, 277
88, 277
114, 277
140, 277
165, 277
191, 277
216, 277
242, 277
268, 277
293, 277
319, 277
344, 277
370, 277
396, 277
421, 277
447, 277
472, 277
498, 277
524, 277
549, 277
575, 277
600, 277
626, 277
652, 277
677, 277
703, 277
728, 277
754, 277
780, 277
805, 277
831, 277
856, 277
882, 277
908, 277
933, 277
959, 277
984, 277
1010, 277
12, 297
37, 297
63, 297
88, 297
114, 297
140, 297
165, 297
191, 297
216, 297
242, 297
268, 297
293, 297
319, 297
344, 297
370, 297
396, 297
421, 297
447, 297
472, 297
498, 297
524, 297
549, 297
575, 297
600, 297
626, 297
652, 297
677, 297
703, 297
728, 297
754, 297
780, 297
805, 297
831, 297
856, 297
882, 297
908, 297
933, 297
959, 297
984, 297
1010, 297
12, 316
37, 316
63, 316
88, 316
114, 316
140, 316
165, 316
191, 316
216, 316
242, 316
268, 316
293, 316
319, 316
344, 316
370, 316
396, 316
421, 316
447, 316
472, 316
498, 316
524, 316
549, 316
575, 316
600, 316
626, 316
652, 316
677, 316
703, 316
728, 316
754, 316
780, 316
805, 316
831, 316
856, 316
882, 316
908, 316
933, 316
959, 316
984, 316
1010, 316
12, 335
37, 335
63, 335
88, 335
114, 335
140, 335
165, 335
191, 335
216, 335
242, 335
268, 335
293, 335
319, 335
344, 335
370, 335
396, 335
421, 335
447, 335
472, 335
498, 335
524, 335
549, 335
575, 335
600, 335
626, 335
652, 335
677, 335
703, 335
728, 335
754, 335
780, 335
805, 335
831, 335
856, 335
882, 335
908, 335
933, 335
959, 335
984, 335
1010, 335
12, 354
37, 354
63, 354
88, 354
114, 354
140, 354
165, 354
191, 354
216, 354
242, 354
268, 354
293, 354
319, 354
344, 354
370, 354
396, 354
421, 354
447, 354
472, 354
498, 354
524, 354
549, 354
575, 354
600, 354
626, 354
652, 354
677, 354
703, 354
728, 354
754, 354
780, 354
805, 354
831, 354
856, 354
882, 354
908, 354
933, 354
959, 354
984, 354
1010, 354
12, 373
37, 373
63, 373
88, 373
114, 373
140, 373
165, 373
191, 373
216, 373
242, 373
268, 373
293, 373
319, 373
344, 373
370, 373
396, 373
421, 373
447, 373
472, 373
498, 373
524, 373
549, 373
575, 373
600, 373
626, 373
652, 373
677, 373
703, 373
728, 373
754, 373
780, 373
805, 373
831, 373
856, 373
882, 373
908, 373
933, 373
959, 373
984, 373
1010, 373
12, 393
37, 393
63, 393
88, 393
114, 393
140, 393
165, 393
191, 393
216, 393
242, 393
268, 393
293, 393
319, 393
344, 393
370, 393
396, 393
421, 393
447, 393
472, 393
498, 393
524, 393
549, 393
575, 393
600, 393
626, 393
652, 393
677, 393
703, 393
728, 393
754, 393
780, 393
805, 393
831, 393
856, 393
882, 393
908, 393
933, 393
959, 393
984, 393
1010, 393
12, 412
37, 412
63, 412
88, 412
114, 412
140, 412
165, 412
191, 412
216, 412
242, 412
268, 412
293, 412
319, 412
344, 412
370, 412
396, 412
421, 412
447, 412
472, 412
498, 412
524, 412
549, 412
575, 412
600, 412
626, 412
652, 412
677, 412
703, 412
728, 412
754, 412
780, 412
805, 412
831, 412
856, 412
882, 412
908, 412
933, 412
959, 412
984, 412
1010, 412
12, 431
37, 431
63, 431
88, 431
114, 431
140, 431
165, 431
191, 431
216, 431
242, 431
268, 431
293, 431
319, 431
344, 431
370, 431
396, 431
421, 431
447, 431
472, 431
498, 431
524, 431
549, 431
575, 431
600, 431
626, 431
652, 431
677, 431
703, 431
728, 431
754, 431
780, 431
805, 431
831, 431
856, 431
882, 431
908, 431
933, 431
959, 431
984, 431
1010, 431
12, 450
37, 450
63, 450
88, 450
114, 450
140, 450
165, 450
191, 450
216, 450
242, 450
268, 450
293, 450
319, 450
344, 450
370, 450
396, 450
421, 450
447, 450
472, 450
498, 450
524, 450
549, 450
575, 450
600, 450
626, 450
652, 450
677, 450
703, 450
728, 450
754, 450
780, 450
805, 450
831, 450
856, 450
882, 450
908, 450
933, 450
959, 450
984, 450
1010, 450
12, 469
37, 469
63, 469
88, 469
114, 469
140, 469
165, 469
191, 469
216, 469
242, 469
268, 469
293, 469
319, 469
344, 469
370, 469
396, 469
421, 469
447, 469
472, 469
498, 469
524, 469
549, 469
575, 469
600, 469
626, 469
652, 469
677, 469
703, 469
728, 469
754, 469
780, 469
805, 469
831, 469
856, 469
882, 469
908, 469
933, 469
959, 469
984, 469
1010, 469
12, 489
37, 489
63, 489
88, 489
114, 489
140, 489
165, 489
191, 489
216, 489
242, 489
268, 489
293, 489
319, 489
344, 489
370, 489
396, 489
421, 489
447, 489
472, 489
498, 489
524, 489
549, 489
575, 489
600, 489
626, 489
652, 489
677, 489
703, 489
728, 489
754, 489
780, 489
805, 489
831, 489
856, 489
882, 489
908, 489
933, 489
959, 489
984, 489
1010, 489
12, 508
37, 508
63, 508
88, 508
114, 508
140, 508
165, 508
191, 508
216, 508
242, 508
268, 508
293, 508
319, 508
344, 508
370, 508
396, 508
421, 508
447, 508
472, 508
498, 508
524, 508
549, 508
575, 508
600, 508
626, 508
652, 508
677, 508
703, 508
728, 508
754, 508
780, 508
805, 508
831, 508
856, 508
882, 508
908, 508
933, 508
959, 508
984, 508
1010, 508
12, 527
37, 527
63, 527
88, 527
114, 527
140, 527
165, 527
191, 527
216, 527
242, 527
268, 527
293, 527
319, 527
344, 527
370, 527
396, 527
421, 527
447, 527
472, 527
498, 527
524, 527
549, 527
575, 527
600, 527
626, 527
652, 527
677, 527
703, 527
728, 527
754, 527
780, 527
805, 527
831, 527
856, 527
882, 527
908, 527
933, 527
959, 527
984, 527
1010, 527
12, 546
37, 546
63, 546
88, 546
114, 546
140, 546
165, 546
191, 546
216, 546
242, 546
268, 546
293, 546
319, 546
344, 546
370, 546
396, 546
421, 546
447, 546
472, 546
498, 546
524, 546
549, 546
575, 546
600, 546
626, 546
652, 546
677, 546
703, 546
728, 546
754, 546
780, 546
805, 546
831, 546
856, 546
882, 546
908, 546
933, 546
959, 546
984, 546
1010, 546
12, 565
37, 565
63, 565
88, 565
114, 565
140, 565
165, 565
191, 565
216, 565
242, 565
268, 565
293, 565
319, 565
344, 565
370, 565
396, 565
421, 565
447, 565
472, 565
498, 565
524, 565
549, 565
575, 565
600, 565
626, 565
652, 565
677, 565
703, 565
728, 565
754, 565
780, 565
805, 565
831, 565
856, 565
882, 565
908, 565
933, 565
959, 565
984, 565
1010, 565
12, 585
37, 585
63, 585
88, 585
114, 585
140, 585
165, 585
191, 585
216, 585
242, 585
268, 585
293, 585
319, 585
344, 585
370, 585
396, 585
421, 585
447, 585
472, 585
498, 585
524, 585
549, 585
575, 585
600, 585
626, 585
652, 585
677, 585
703, 585
728, 585
754, 585
780, 585
805, 585
831, 585
856, 585
882, 585
908, 585
933, 585
959, 585
984, 585
1010, 585
12, 604
37, 604
63, 604
88, 604
114, 604
140, 604
165, 604
191, 604
216, 604
242, 604
268, 604
293, 604
319, 604
344, 604
370, 604
396, 604
421, 604
447, 604
472, 604
498, 604
524, 604
549, 604
575, 604
600, 604
626, 604
652, 604
677, 604
703, 604
728, 604
754, 604
780, 604
805, 604
831, 604
856, 604
882, 604
908, 604
933, 604
959, 604
984, 604
1010, 604
12, 623
37, 623
63, 623
88, 623
114, 623
140, 623
165, 623
191, 623
216, 623
242, 623
268, 623
293, 623
319, 623
344, 623
370, 623
396, 623
421, 623
447, 623
472, 623
498, 623
524, 623
549, 623
575, 623
600, 623
626, 623
652, 623
677, 623
703, 623
728, 623
754, 623
780, 623
805, 623
831, 623
856, 623
882, 623
908, 623
933, 623
959, 623
984, 623
1010, 623
12, 642
37, 642
63, 642
88, 642
114, 642
140, 642
165, 642
191, 642
216, 642
242, 642
268, 642
293, 642
319, 642
344, 642
370, 642
396, 642
421, 642
447, 642
472, 642
498, 642
524, 642
549, 642
575, 642
600, 642
626, 642
652, 642
677, 642
703, 642
728, 642
754, 642
780, 642
805, 642
831, 642
856, 642
882, 642
908, 642
933, 642
959, 642
984, 642
1010, 642
12, 661
37, 661
63, 661
88, 661
114, 661
140, 661
165, 661
191, 661
216, 661
242, 661
268, 661
293, 661
319, 661
344, 661
370, 661
396, 661
421, 661
447, 661
472, 661
498, 661
524, 661
549, 661
575, 661
600, 661
626, 661
652, 661
677, 661
703, 661
728, 661
754, 661
780, 661
805, 661
831, 661
856, 661
882, 661
908, 661
933, 661
959, 661
984, 661
1010, 661
12, 681
37, 681
63, 681
88, 681
114, 681
140, 681
165, 681
191, 681
216, 681
242, 681
268, 681
293, 681
319, 681
344, 681
370, 681
396, 681
421, 681
447, 681
472, 681
498, 681
524, 681
549, 681
575, 681
600, 681
626, 681
652, 681
677, 681
703, 681
728, 681
754, 681
780, 681
805, 681
831, 681
856, 681
882, 681
908, 681
933, 681
959, 681
984, 681
1010, 681
12, 700
37, 700
63, 700
88, 700
114, 700
140, 700
165, 700
191, 700
216, 700
242, 700
268, 700
293, 700
319, 700
344, 700
370, 700
396, 700
421, 700
447, 700
472, 700
498, 700
524, 700
549, 700
575, 700
600, 700
626, 700
652, 700
677, 700
703, 700
728, 700
754, 700
780, 700
805, 700
831, 700
856, 700
882, 700
908, 700
933, 700
959, 700
984, 700
1010, 700
12, 719
37, 719
63, 719
88, 719
114, 719
140, 719
165, 719
191, 719
216, 719
242, 719
268, 719
293, 719
319, 719
344, 719
370, 719
396, 719
421, 719
447, 719
472, 719
498, 719
524, 719
549, 719
575, 719
600, 719
626, 719
652, 719
677, 719
703, 719
728, 719
754, 719
780, 719
805, 719
831, 719
856, 719
882, 719
908, 719
933, 719
959, 719
984, 719
1010, 719
12, 738
37, 738
63, 738
88, 738
114, 738
140, 738
165, 738
191, 738
216, 738
242, 738
268, 738
293, 738
319, 738
344, 738
370, 738
396, 738
421, 738
447, 738
472, 738
498, 738
524, 738
549, 738
575, 738
600, 738
626, 738
652, 738
677, 738
703, 738
728, 738
754, 738
780, 738
805, 738
831, 738
856, 738
882, 738
908, 738
933, 738
959, 738
984, 738
1010, 738
12, 757
37, 757
63, 757
88, 757
114, 757
140, 757
165, 757
191, 757
216, 757
242, 757
268, 757
293, 757
319, 757
344, 757
370, 757
396, 757
421, 757
447, 757
472, 757
498, 757
524, 757
549, 757
575, 757
600, 757
626, 757
652, 757
677, 757
703, 757
728, 757
754, 757
780, 757
805, 757
831, 757
856, 757
882, 757
908, 757
933, 757
959, 757
984, 757
1010, 757
